CH 2D sphere-plate GPE scan
xi [m] = 5.000000e-08
d_min [m] = 1.000000e-07

R[um]  R/xi   grad_wall  grad_radial  chi_radial  alpha_radial
   1.000 2.00e+01  9.607e-01  6.996e-05 4.879e-11  5.854e-12
   1.334 2.67e+01  9.607e-01  5.310e-05 2.461e-11  2.953e-12
   1.778 3.56e+01  9.607e-01  4.018e-05 1.232e-11  1.478e-12
   2.371 4.74e+01  9.607e-01  3.034e-05 6.133e-12  7.360e-13
   3.162 6.32e+01  9.607e-01  2.287e-05 3.041e-12  3.649e-13
   4.217 8.43e+01  9.607e-01  1.721e-05 1.503e-12  1.803e-13
   5.623 1.12e+02  9.607e-01  1.294e-05 7.409e-13  8.890e-14
   7.499 1.50e+02  9.607e-01  9.728e-06 3.646e-13  4.375e-14
  10.000 2.00e+02  9.607e-01  7.306e-06 1.792e-13  2.150e-14
  13.335 2.67e+02  9.607e-01  5.486e-06 8.799e-14  1.056e-14
  17.783 3.56e+02  9.607e-01  4.117e-06 4.319e-14  5.183e-15
  23.714 4.74e+02  9.607e-01  3.090e-06 2.115e-14  2.538e-15
  31.623 6.32e+02  9.607e-01  2.318e-06 1.038e-14  1.246e-15
  42.170 8.43e+02  9.607e-01  1.739e-06 5.107e-15  6.128e-16
  56.234 1.12e+03  9.607e-01  1.304e-06 2.498e-15  2.998e-16
  74.989 1.50e+03  9.607e-01  9.784e-07 1.221e-15  1.465e-16
 100.000 2.00e+03  9.607e-01  7.338e-07 6.106e-16  7.327e-17
 133.352 2.67e+03  9.607e-01  5.503e-07 2.776e-16  3.331e-17
 177.828 3.56e+03  9.607e-01  4.127e-07 1.665e-16  1.998e-17
 237.137 4.74e+03  9.607e-01  3.095e-07 5.551e-17  6.661e-18
 316.228 6.32e+03  9.607e-01  2.321e-07 5.551e-17  6.661e-18
 421.697 8.43e+03  9.607e-01  1.741e-07 0.000e+00  0.000e+00
 562.341 1.12e+04  9.607e-01  1.305e-07 0.000e+00  0.000e+00
 749.894 1.50e+04  9.607e-01  9.790e-08 0.000e+00  0.000e+00
1000.000 2.00e+04  9.607e-01  7.341e-08 0.000e+00  0.000e+00
