CH 1D GPE Casimir gap scan
xi [m] = 5.000000e-08
rho_in [kg/m^3] = 6.732955e+19
|grad rho|_c [kg/m^4] = 1.346591e+27
Earth tidal |grad rho|/|grad rho|_c = 1.092656e-23

d[nm]  d/xi   grad_wall  grad_mid   chi_wall   chi_mid   alpha_mid
    10.0 2.00e-01  1.586e-01  7.980e-02 1.026e-02 1.881e-03     2.257e-04
    12.1 2.42e-01  1.996e-01  1.008e-01 1.800e-02 3.351e-03     4.021e-04
    14.7 2.94e-01  2.483e-01  1.260e-01 3.054e-02 5.823e-03     6.988e-04
    17.8 3.56e-01  3.056e-01  1.564e-01 5.010e-02 9.908e-03     1.189e-03
    21.5 4.31e-01  3.721e-01  1.927e-01 7.919e-02 1.652e-02     1.983e-03
    26.1 5.22e-01  4.478e-01  2.358e-01 1.199e-01 2.697e-02     3.237e-03
    31.6 6.32e-01  5.316e-01  2.863e-01 1.725e-01 4.294e-02     5.153e-03
    38.3 7.66e-01  6.207e-01  3.443e-01 2.344e-01 6.622e-02     7.947e-03
    46.4 9.28e-01  7.104e-01  4.087e-01 2.997e-01 9.789e-02     1.175e-02
    56.2 1.12e+00  7.947e-01  4.762e-01 3.612e-01 1.369e-01     1.643e-02
    68.1 1.36e+00  8.672e-01  5.405e-01 4.125e-01 1.784e-01     2.141e-02
    82.5 1.65e+00  9.230e-01  5.916e-01 4.504e-01 2.137e-01     2.564e-02
   100.0 2.00e+00  9.607e-01  6.172e-01 4.752e-01 2.319e-01     2.783e-02
   121.2 2.42e+00  9.827e-01  6.067e-01 4.892e-01 2.244e-01     2.693e-02
   146.8 2.94e+00  9.935e-01  5.555e-01 4.960e-01 1.886e-01     2.263e-02
   177.8 3.56e+00  9.978e-01  4.686e-01 4.987e-01 1.323e-01     1.587e-02
   215.4 4.31e+00  9.992e-01  3.602e-01 4.995e-01 7.352e-02     8.823e-03
   261.0 5.22e+00  9.995e-01  2.491e-01 4.997e-01 3.078e-02     3.694e-03
   316.2 6.32e+00  9.996e-01  1.526e-01 4.997e-01 9.325e-03     1.119e-03
   383.1 7.66e+00  9.996e-01  8.140e-02 4.998e-01 1.975e-03     2.370e-04
   464.2 9.28e+00  9.996e-01  3.706e-02 4.998e-01 2.807e-04     3.368e-05
   562.3 1.12e+01  9.996e-01  1.404e-02 4.998e-01 2.527e-05     3.032e-06
   681.3 1.36e+01  9.996e-01  4.294e-03 4.998e-01 1.335e-06     1.602e-07
   825.4 1.65e+01  9.996e-01  1.018e-03 4.998e-01 3.748e-08     4.497e-09
  1000.0 2.00e+01  9.996e-01  1.775e-04 4.998e-01 4.920e-10     5.904e-11
